period,interval,year,category,registrations,source
2016M01,yearly,2015,BEV,0.8333333333333334,data.gov.s / lta.gov.sg / robbieandrew
2016M01,yearly,2015,DIESEL,321,data.gov.s / lta.gov.sg / robbieandrew
2016M01,yearly,2015,HEV,0,data.gov.s / lta.gov.sg / robbieandrew
2016M01,yearly,2015,OTHER,107,data.gov.s / lta.gov.sg / robbieandrew
2016M01,yearly,2015,PETROL,6644,data.gov.s / lta.gov.sg / robbieandrew
2016M01,yearly,2015,PHEV,0,data.gov.s / lta.gov.sg / robbieandrew
2016M01,yearly,2015,TOTAL,7072.833333333333,data.gov.s / lta.gov.sg / robbieandrew
2016M02,yearly,2015.083333,BEV,0.8333333333333334,data.gov.s / lta.gov.sg / robbieandrew
2016M02,yearly,2015.083333,DIESEL,270,data.gov.s / lta.gov.sg / robbieandrew
2016M02,yearly,2015.083333,HEV,0,data.gov.s / lta.gov.sg / robbieandrew
2016M02,yearly,2015.083333,OTHER,85,data.gov.s / lta.gov.sg / robbieandrew
2016M02,yearly,2015.083333,PETROL,5379,data.gov.s / lta.gov.sg / robbieandrew
2016M02,yearly,2015.083333,PHEV,0,data.gov.s / lta.gov.sg / robbieandrew
2016M02,yearly,2015.083333,TOTAL,5734.833333333333,data.gov.s / lta.gov.sg / robbieandrew
2016M03,yearly,2015.166667,BEV,0.8333333333333334,data.gov.s / lta.gov.sg / robbieandrew
2016M03,yearly,2015.166667,DIESEL,318,data.gov.s / lta.gov.sg / robbieandrew
2016M03,yearly,2015.166667,HEV,0,data.gov.s / lta.gov.sg / robbieandrew
2016M03,yearly,2015.166667,OTHER,151,data.gov.s / lta.gov.sg / robbieandrew
2016M03,yearly,2015.166667,PETROL,6637,data.gov.s / lta.gov.sg / robbieandrew
2016M03,yearly,2015.166667,PHEV,0,data.gov.s / lta.gov.sg / robbieandrew
2016M03,yearly,2015.166667,TOTAL,7106.833333333333,data.gov.s / lta.gov.sg / robbieandrew
2016M04,yearly,2015.25,BEV,0.8333333333333334,data.gov.s / lta.gov.sg / robbieandrew
2016M04,yearly,2015.25,DIESEL,362,data.gov.s / lta.gov.sg / robbieandrew
2016M04,yearly,2015.25,HEV,0,data.gov.s / lta.gov.sg / robbieandrew
2016M04,yearly,2015.25,OTHER,133,data.gov.s / lta.gov.sg / robbieandrew
2016M04,yearly,2015.25,PETROL,6693,data.gov.s / lta.gov.sg / robbieandrew
2016M04,yearly,2015.25,PHEV,0,data.gov.s / lta.gov.sg / robbieandrew
2016M04,yearly,2015.25,TOTAL,7188.833333333333,data.gov.s / lta.gov.sg / robbieandrew
2016M05,yearly,2015.333333,BEV,0.8333333333333334,data.gov.s / lta.gov.sg / robbieandrew
2016M05,yearly,2015.333333,DIESEL,359,data.gov.s / lta.gov.sg / robbieandrew
2016M05,yearly,2015.333333,HEV,0,data.gov.s / lta.gov.sg / robbieandrew
2016M05,yearly,2015.333333,OTHER,153,data.gov.s / lta.gov.sg / robbieandrew
2016M05,yearly,2015.333333,PETROL,7700,data.gov.s / lta.gov.sg / robbieandrew
2016M05,yearly,2015.333333,PHEV,0,data.gov.s / lta.gov.sg / robbieandrew
2016M05,yearly,2015.333333,TOTAL,8212.833333333334,data.gov.s / lta.gov.sg / robbieandrew
2016M06,yearly,2015.416667,BEV,0.8333333333333334,data.gov.s / lta.gov.sg / robbieandrew
2016M06,yearly,2015.416667,DIESEL,447,data.gov.s / lta.gov.sg / robbieandrew
2016M06,yearly,2015.416667,HEV,0,data.gov.s / lta.gov.sg / robbieandrew
2016M06,yearly,2015.416667,OTHER,227,data.gov.s / lta.gov.sg / robbieandrew
2016M06,yearly,2015.416667,PETROL,7437,data.gov.s / lta.gov.sg / robbieandrew
2016M06,yearly,2015.416667,PHEV,0,data.gov.s / lta.gov.sg / robbieandrew
2016M06,yearly,2015.416667,TOTAL,8111.833333333333,data.gov.s / lta.gov.sg / robbieandrew
2016M07,yearly,2015.5,BEV,0.8333333333333334,data.gov.s / lta.gov.sg / robbieandrew
2016M07,yearly,2015.5,DIESEL,421,data.gov.s / lta.gov.sg / robbieandrew
2016M07,yearly,2015.5,HEV,0,data.gov.s / lta.gov.sg / robbieandrew
2016M07,yearly,2015.5,OTHER,192,data.gov.s / lta.gov.sg / robbieandrew
2016M07,yearly,2015.5,PETROL,6301,data.gov.s / lta.gov.sg / robbieandrew
2016M07,yearly,2015.5,PHEV,0,data.gov.s / lta.gov.sg / robbieandrew
2016M07,yearly,2015.5,TOTAL,6914.833333333333,data.gov.s / lta.gov.sg / robbieandrew
2016M08,yearly,2015.583333,BEV,0.8333333333333334,data.gov.s / lta.gov.sg / robbieandrew
2016M08,yearly,2015.583333,DIESEL,317,data.gov.s / lta.gov.sg / robbieandrew
2016M08,yearly,2015.583333,HEV,0,data.gov.s / lta.gov.sg / robbieandrew
2016M08,yearly,2015.583333,OTHER,312,data.gov.s / lta.gov.sg / robbieandrew
2016M08,yearly,2015.583333,PETROL,6502,data.gov.s / lta.gov.sg / robbieandrew
2016M08,yearly,2015.583333,PHEV,0,data.gov.s / lta.gov.sg / robbieandrew
2016M08,yearly,2015.583333,TOTAL,7131.833333333333,data.gov.s / lta.gov.sg / robbieandrew
2016M09,yearly,2015.666667,BEV,0.8333333333333334,data.gov.s / lta.gov.sg / robbieandrew
2016M09,yearly,2015.666667,DIESEL,410,data.gov.s / lta.gov.sg / robbieandrew
2016M09,yearly,2015.666667,HEV,0,data.gov.s / lta.gov.sg / robbieandrew
2016M09,yearly,2015.666667,OTHER,510,data.gov.s / lta.gov.sg / robbieandrew
2016M09,yearly,2015.666667,PETROL,7024,data.gov.s / lta.gov.sg / robbieandrew
2016M09,yearly,2015.666667,PHEV,0,data.gov.s / lta.gov.sg / robbieandrew
2016M09,yearly,2015.666667,TOTAL,7944.833333333333,data.gov.s / lta.gov.sg / robbieandrew
2016M10,yearly,2015.75,BEV,0.8333333333333334,data.gov.s / lta.gov.sg / robbieandrew
2016M10,yearly,2015.75,DIESEL,367,data.gov.s / lta.gov.sg / robbieandrew
2016M10,yearly,2015.75,HEV,0,data.gov.s / lta.gov.sg / robbieandrew
2016M10,yearly,2015.75,OTHER,779,data.gov.s / lta.gov.sg / robbieandrew
2016M10,yearly,2015.75,PETROL,6663,data.gov.s / lta.gov.sg / robbieandrew
2016M10,yearly,2015.75,PHEV,0,data.gov.s / lta.gov.sg / robbieandrew
2016M10,yearly,2015.75,TOTAL,7809.833333333333,data.gov.s / lta.gov.sg / robbieandrew
2016M11,yearly,2015.833333,BEV,0.8333333333333334,data.gov.s / lta.gov.sg / robbieandrew
2016M11,yearly,2015.833333,DIESEL,529,data.gov.s / lta.gov.sg / robbieandrew
2016M11,yearly,2015.833333,HEV,0,data.gov.s / lta.gov.sg / robbieandrew
2016M11,yearly,2015.833333,OTHER,901,data.gov.s / lta.gov.sg / robbieandrew
2016M11,yearly,2015.833333,PETROL,6064,data.gov.s / lta.gov.sg / robbieandrew
2016M11,yearly,2015.833333,PHEV,0,data.gov.s / lta.gov.sg / robbieandrew
2016M11,yearly,2015.833333,TOTAL,7494.833333333333,data.gov.s / lta.gov.sg / robbieandrew
2016M12,yearly,2015.916667,BEV,0.8333333333333334,data.gov.s / lta.gov.sg / robbieandrew
2016M12,yearly,2015.916667,DIESEL,314,data.gov.s / lta.gov.sg / robbieandrew
2016M12,yearly,2015.916667,HEV,0,data.gov.s / lta.gov.sg / robbieandrew
2016M12,yearly,2015.916667,OTHER,458,data.gov.s / lta.gov.sg / robbieandrew
2016M12,yearly,2015.916667,PETROL,6017,data.gov.s / lta.gov.sg / robbieandrew
2016M12,yearly,2015.916667,PHEV,0,data.gov.s / lta.gov.sg / robbieandrew
2016M12,yearly,2015.916667,TOTAL,6789.833333333333,data.gov.s / lta.gov.sg / robbieandrew
2017M01,yearly,2016,BEV,24.833333333333332,data.gov.s / lta.gov.sg / robbieandrew
2017M01,yearly,2016,DIESEL,528,data.gov.s / lta.gov.sg / robbieandrew
2017M01,yearly,2016,HEV,0,data.gov.s / lta.gov.sg / robbieandrew
2017M01,yearly,2016,OTHER,803,data.gov.s / lta.gov.sg / robbieandrew
2017M01,yearly,2016,PETROL,6208,data.gov.s / lta.gov.sg / robbieandrew
2017M01,yearly,2016,PHEV,0,data.gov.s / lta.gov.sg / robbieandrew
2017M01,yearly,2016,TOTAL,7563.833333333333,data.gov.s / lta.gov.sg / robbieandrew
2017M02,yearly,2016.083333,BEV,24.833333333333332,data.gov.s / lta.gov.sg / robbieandrew
2017M02,yearly,2016.083333,DIESEL,360,data.gov.s / lta.gov.sg / robbieandrew
2017M02,yearly,2016.083333,HEV,0,data.gov.s / lta.gov.sg / robbieandrew
2017M02,yearly,2016.083333,OTHER,395,data.gov.s / lta.gov.sg / robbieandrew
2017M02,yearly,2016.083333,PETROL,5404,data.gov.s / lta.gov.sg / robbieandrew
2017M02,yearly,2016.083333,PHEV,0,data.gov.s / lta.gov.sg / robbieandrew
2017M02,yearly,2016.083333,TOTAL,6183.833333333333,data.gov.s / lta.gov.sg / robbieandrew
2017M03,yearly,2016.166667,BEV,24.833333333333332,data.gov.s / lta.gov.sg / robbieandrew
2017M03,yearly,2016.166667,DIESEL,488,data.gov.s / lta.gov.sg / robbieandrew
2017M03,yearly,2016.166667,HEV,0,data.gov.s / lta.gov.sg / robbieandrew
2017M03,yearly,2016.166667,OTHER,768,data.gov.s / lta.gov.sg / robbieandrew
2017M03,yearly,2016.166667,PETROL,7361,data.gov.s / lta.gov.sg / robbieandrew
2017M03,yearly,2016.166667,PHEV,0,data.gov.s / lta.gov.sg / robbieandrew
2017M03,yearly,2016.166667,TOTAL,8641.833333333334,data.gov.s / lta.gov.sg / robbieandrew
2017M04,yearly,2016.25,BEV,24.833333333333332,data.gov.s / lta.gov.sg / robbieandrew
2017M04,yearly,2016.25,DIESEL,396,data.gov.s / lta.gov.sg / robbieandrew
2017M04,yearly,2016.25,HEV,0,data.gov.s / lta.gov.sg / robbieandrew
2017M04,yearly,2016.25,OTHER,540,data.gov.s / lta.gov.sg / robbieandrew
2017M04,yearly,2016.25,PETROL,5864,data.gov.s / lta.gov.sg / robbieandrew
2017M04,yearly,2016.25,PHEV,0,data.gov.s / lta.gov.sg / robbieandrew
2017M04,yearly,2016.25,TOTAL,6824.833333333333,data.gov.s / lta.gov.sg / robbieandrew
2017M05,yearly,2016.333333,BEV,24.833333333333332,data.gov.s / lta.gov.sg / robbieandrew
2017M05,yearly,2016.333333,DIESEL,406,data.gov.s / lta.gov.sg / robbieandrew
2017M05,yearly,2016.333333,HEV,0,data.gov.s / lta.gov.sg / robbieandrew
2017M05,yearly,2016.333333,OTHER,790,data.gov.s / lta.gov.sg / robbieandrew
2017M05,yearly,2016.333333,PETROL,7222,data.gov.s / lta.gov.sg / robbieandrew
2017M05,yearly,2016.333333,PHEV,0,data.gov.s / lta.gov.sg / robbieandrew
2017M05,yearly,2016.333333,TOTAL,8442.833333333334,data.gov.s / lta.gov.sg / robbieandrew
2017M06,yearly,2016.416667,BEV,24.833333333333332,data.gov.s / lta.gov.sg / robbieandrew
2017M06,yearly,2016.416667,DIESEL,506,data.gov.s / lta.gov.sg / robbieandrew
2017M06,yearly,2016.416667,HEV,0,data.gov.s / lta.gov.sg / robbieandrew
2017M06,yearly,2016.416667,OTHER,1011,data.gov.s / lta.gov.sg / robbieandrew
2017M06,yearly,2016.416667,PETROL,6733,data.gov.s / lta.gov.sg / robbieandrew
2017M06,yearly,2016.416667,PHEV,0,data.gov.s / lta.gov.sg / robbieandrew
2017M06,yearly,2016.416667,TOTAL,8274.833333333334,data.gov.s / lta.gov.sg / robbieandrew
2017M07,yearly,2016.5,BEV,24.833333333333332,data.gov.s / lta.gov.sg / robbieandrew
2017M07,yearly,2016.5,DIESEL,466,data.gov.s / lta.gov.sg / robbieandrew
2017M07,yearly,2016.5,HEV,0,data.gov.s / lta.gov.sg / robbieandrew
2017M07,yearly,2016.5,OTHER,1324,data.gov.s / lta.gov.sg / robbieandrew
2017M07,yearly,2016.5,PETROL,5743,data.gov.s / lta.gov.sg / robbieandrew
2017M07,yearly,2016.5,PHEV,0,data.gov.s / lta.gov.sg / robbieandrew
2017M07,yearly,2016.5,TOTAL,7557.833333333333,data.gov.s / lta.gov.sg / robbieandrew
2017M08,yearly,2016.583333,BEV,24.833333333333332,data.gov.s / lta.gov.sg / robbieandrew
2017M08,yearly,2016.583333,DIESEL,415,data.gov.s / lta.gov.sg / robbieandrew
2017M08,yearly,2016.583333,HEV,0,data.gov.s / lta.gov.sg / robbieandrew
2017M08,yearly,2016.583333,OTHER,1372,data.gov.s / lta.gov.sg / robbieandrew
2017M08,yearly,2016.583333,PETROL,5937,data.gov.s / lta.gov.sg / robbieandrew
2017M08,yearly,2016.583333,PHEV,0,data.gov.s / lta.gov.sg / robbieandrew
2017M08,yearly,2016.583333,TOTAL,7748.833333333333,data.gov.s / lta.gov.sg / robbieandrew
2017M09,yearly,2016.666667,BEV,24.833333333333332,data.gov.s / lta.gov.sg / robbieandrew
2017M09,yearly,2016.666667,DIESEL,294,data.gov.s / lta.gov.sg / robbieandrew
2017M09,yearly,2016.666667,HEV,0,data.gov.s / lta.gov.sg / robbieandrew
2017M09,yearly,2016.666667,OTHER,551,data.gov.s / lta.gov.sg / robbieandrew
2017M09,yearly,2016.666667,PETROL,5064,data.gov.s / lta.gov.sg / robbieandrew
2017M09,yearly,2016.666667,PHEV,0,data.gov.s / lta.gov.sg / robbieandrew
2017M09,yearly,2016.666667,TOTAL,5933.833333333333,data.gov.s / lta.gov.sg / robbieandrew
2017M10,yearly,2016.75,BEV,24.833333333333332,data.gov.s / lta.gov.sg / robbieandrew
2017M10,yearly,2016.75,DIESEL,346,data.gov.s / lta.gov.sg / robbieandrew
2017M10,yearly,2016.75,HEV,0,data.gov.s / lta.gov.sg / robbieandrew
2017M10,yearly,2016.75,OTHER,952,data.gov.s / lta.gov.sg / robbieandrew
2017M10,yearly,2016.75,PETROL,5860,data.gov.s / lta.gov.sg / robbieandrew
2017M10,yearly,2016.75,PHEV,0,data.gov.s / lta.gov.sg / robbieandrew
2017M10,yearly,2016.75,TOTAL,7182.833333333333,data.gov.s / lta.gov.sg / robbieandrew
2017M11,yearly,2016.833333,BEV,24.833333333333332,data.gov.s / lta.gov.sg / robbieandrew
2017M11,yearly,2016.833333,DIESEL,465,data.gov.s / lta.gov.sg / robbieandrew
2017M11,yearly,2016.833333,HEV,0,data.gov.s / lta.gov.sg / robbieandrew
2017M11,yearly,2016.833333,OTHER,967,data.gov.s / lta.gov.sg / robbieandrew
2017M11,yearly,2016.833333,PETROL,6251,data.gov.s / lta.gov.sg / robbieandrew
2017M11,yearly,2016.833333,PHEV,0,data.gov.s / lta.gov.sg / robbieandrew
2017M11,yearly,2016.833333,TOTAL,7707.833333333333,data.gov.s / lta.gov.sg / robbieandrew
2017M12,yearly,2016.916667,BEV,24.833333333333332,data.gov.s / lta.gov.sg / robbieandrew
2017M12,yearly,2016.916667,DIESEL,589,data.gov.s / lta.gov.sg / robbieandrew
2017M12,yearly,2016.916667,HEV,0,data.gov.s / lta.gov.sg / robbieandrew
2017M12,yearly,2016.916667,OTHER,2137,data.gov.s / lta.gov.sg / robbieandrew
2017M12,yearly,2016.916667,PETROL,7406,data.gov.s / lta.gov.sg / robbieandrew
2017M12,yearly,2016.916667,PHEV,0,data.gov.s / lta.gov.sg / robbieandrew
2017M12,yearly,2016.916667,TOTAL,10156.833333333334,data.gov.s / lta.gov.sg / robbieandrew
2018M01,yearly,2017,BEV,18.333333333333332,data.gov.s / lta.gov.sg / robbieandrew
2018M01,yearly,2017,DIESEL,71,data.gov.s / lta.gov.sg / robbieandrew
2018M01,yearly,2017,HEV,0,data.gov.s / lta.gov.sg / robbieandrew
2018M01,yearly,2017,OTHER,134,data.gov.s / lta.gov.sg / robbieandrew
2018M01,yearly,2017,PETROL,5373,data.gov.s / lta.gov.sg / robbieandrew
2018M01,yearly,2017,PHEV,0,data.gov.s / lta.gov.sg / robbieandrew
2018M01,yearly,2017,TOTAL,5596.333333333333,data.gov.s / lta.gov.sg / robbieandrew
2018M02,yearly,2017.083333,BEV,18.333333333333332,data.gov.s / lta.gov.sg / robbieandrew
2018M02,yearly,2017.083333,DIESEL,92,data.gov.s / lta.gov.sg / robbieandrew
2018M02,yearly,2017.083333,HEV,0,data.gov.s / lta.gov.sg / robbieandrew
2018M02,yearly,2017.083333,OTHER,263,data.gov.s / lta.gov.sg / robbieandrew
2018M02,yearly,2017.083333,PETROL,4863,data.gov.s / lta.gov.sg / robbieandrew
2018M02,yearly,2017.083333,PHEV,0,data.gov.s / lta.gov.sg / robbieandrew
2018M02,yearly,2017.083333,TOTAL,5236.333333333333,data.gov.s / lta.gov.sg / robbieandrew
2018M03,yearly,2017.166667,BEV,18.333333333333332,data.gov.s / lta.gov.sg / robbieandrew
2018M03,yearly,2017.166667,DIESEL,188,data.gov.s / lta.gov.sg / robbieandrew
2018M03,yearly,2017.166667,HEV,0,data.gov.s / lta.gov.sg / robbieandrew
2018M03,yearly,2017.166667,OTHER,337,data.gov.s / lta.gov.sg / robbieandrew
2018M03,yearly,2017.166667,PETROL,6476,data.gov.s / lta.gov.sg / robbieandrew
2018M03,yearly,2017.166667,PHEV,0,data.gov.s / lta.gov.sg / robbieandrew
2018M03,yearly,2017.166667,TOTAL,7019.333333333333,data.gov.s / lta.gov.sg / robbieandrew
2018M04,yearly,2017.25,BEV,18.333333333333332,data.gov.s / lta.gov.sg / robbieandrew
2018M04,yearly,2017.25,DIESEL,268,data.gov.s / lta.gov.sg / robbieandrew
2018M04,yearly,2017.25,HEV,0,data.gov.s / lta.gov.sg / robbieandrew
2018M04,yearly,2017.25,OTHER,631,data.gov.s / lta.gov.sg / robbieandrew
2018M04,yearly,2017.25,PETROL,6077,data.gov.s / lta.gov.sg / robbieandrew
2018M04,yearly,2017.25,PHEV,0,data.gov.s / lta.gov.sg / robbieandrew
2018M04,yearly,2017.25,TOTAL,6994.333333333333,data.gov.s / lta.gov.sg / robbieandrew
2018M05,yearly,2017.333333,BEV,18.333333333333332,data.gov.s / lta.gov.sg / robbieandrew
2018M05,yearly,2017.333333,DIESEL,186,data.gov.s / lta.gov.sg / robbieandrew
2018M05,yearly,2017.333333,HEV,0,data.gov.s / lta.gov.sg / robbieandrew
2018M05,yearly,2017.333333,OTHER,710,data.gov.s / lta.gov.sg / robbieandrew
2018M05,yearly,2017.333333,PETROL,6524,data.gov.s / lta.gov.sg / robbieandrew
2018M05,yearly,2017.333333,PHEV,0,data.gov.s / lta.gov.sg / robbieandrew
2018M05,yearly,2017.333333,TOTAL,7438.333333333333,data.gov.s / lta.gov.sg / robbieandrew
2018M06,yearly,2017.416667,BEV,18.333333333333332,data.gov.s / lta.gov.sg / robbieandrew
2018M06,yearly,2017.416667,DIESEL,334,data.gov.s / lta.gov.sg / robbieandrew
2018M06,yearly,2017.416667,HEV,0,data.gov.s / lta.gov.sg / robbieandrew
2018M06,yearly,2017.416667,OTHER,1605,data.gov.s / lta.gov.sg / robbieandrew
2018M06,yearly,2017.416667,PETROL,8525,data.gov.s / lta.gov.sg / robbieandrew
2018M06,yearly,2017.416667,PHEV,0,data.gov.s / lta.gov.sg / robbieandrew
2018M06,yearly,2017.416667,TOTAL,10482.333333333334,data.gov.s / lta.gov.sg / robbieandrew
2018M07,yearly,2017.5,BEV,18.333333333333332,data.gov.s / lta.gov.sg / robbieandrew
2018M07,yearly,2017.5,DIESEL,314,data.gov.s / lta.gov.sg / robbieandrew
2018M07,yearly,2017.5,HEV,0,data.gov.s / lta.gov.sg / robbieandrew
2018M07,yearly,2017.5,OTHER,373,data.gov.s / lta.gov.sg / robbieandrew
2018M07,yearly,2017.5,PETROL,4587,data.gov.s / lta.gov.sg / robbieandrew
2018M07,yearly,2017.5,PHEV,0,data.gov.s / lta.gov.sg / robbieandrew
2018M07,yearly,2017.5,TOTAL,5292.333333333333,data.gov.s / lta.gov.sg / robbieandrew
2018M08,yearly,2017.583333,BEV,18.333333333333332,data.gov.s / lta.gov.sg / robbieandrew
2018M08,yearly,2017.583333,DIESEL,107,data.gov.s / lta.gov.sg / robbieandrew
2018M08,yearly,2017.583333,HEV,0,data.gov.s / lta.gov.sg / robbieandrew
2018M08,yearly,2017.583333,OTHER,497,data.gov.s / lta.gov.sg / robbieandrew
2018M08,yearly,2017.583333,PETROL,5337,data.gov.s / lta.gov.sg / robbieandrew
2018M08,yearly,2017.583333,PHEV,0,data.gov.s / lta.gov.sg / robbieandrew
2018M08,yearly,2017.583333,TOTAL,5959.333333333333,data.gov.s / lta.gov.sg / robbieandrew
2018M09,yearly,2017.666667,BEV,18.333333333333332,data.gov.s / lta.gov.sg / robbieandrew
2018M09,yearly,2017.666667,DIESEL,133,data.gov.s / lta.gov.sg / robbieandrew
2018M09,yearly,2017.666667,HEV,0,data.gov.s / lta.gov.sg / robbieandrew
2018M09,yearly,2017.666667,OTHER,674,data.gov.s / lta.gov.sg / robbieandrew
2018M09,yearly,2017.666667,PETROL,5370,data.gov.s / lta.gov.sg / robbieandrew
2018M09,yearly,2017.666667,PHEV,0,data.gov.s / lta.gov.sg / robbieandrew
2018M09,yearly,2017.666667,TOTAL,6195.333333333333,data.gov.s / lta.gov.sg / robbieandrew
2018M10,yearly,2017.75,BEV,18.333333333333332,data.gov.s / lta.gov.sg / robbieandrew
2018M10,yearly,2017.75,DIESEL,84,data.gov.s / lta.gov.sg / robbieandrew
2018M10,yearly,2017.75,HEV,0,data.gov.s / lta.gov.sg / robbieandrew
2018M10,yearly,2017.75,OTHER,844,data.gov.s / lta.gov.sg / robbieandrew
2018M10,yearly,2017.75,PETROL,5831,data.gov.s / lta.gov.sg / robbieandrew
2018M10,yearly,2017.75,PHEV,0,data.gov.s / lta.gov.sg / robbieandrew
2018M10,yearly,2017.75,TOTAL,6777.333333333333,data.gov.s / lta.gov.sg / robbieandrew
2018M11,yearly,2017.833333,BEV,18.333333333333332,data.gov.s / lta.gov.sg / robbieandrew
2018M11,yearly,2017.833333,DIESEL,139,data.gov.s / lta.gov.sg / robbieandrew
2018M11,yearly,2017.833333,HEV,0,data.gov.s / lta.gov.sg / robbieandrew
2018M11,yearly,2017.833333,OTHER,622,data.gov.s / lta.gov.sg / robbieandrew
2018M11,yearly,2017.833333,PETROL,6008,data.gov.s / lta.gov.sg / robbieandrew
2018M11,yearly,2017.833333,PHEV,0,data.gov.s / lta.gov.sg / robbieandrew
2018M11,yearly,2017.833333,TOTAL,6787.333333333333,data.gov.s / lta.gov.sg / robbieandrew
2018M12,yearly,2017.916667,BEV,18.333333333333332,data.gov.s / lta.gov.sg / robbieandrew
2018M12,yearly,2017.916667,DIESEL,179,data.gov.s / lta.gov.sg / robbieandrew
2018M12,yearly,2017.916667,HEV,0,data.gov.s / lta.gov.sg / robbieandrew
2018M12,yearly,2017.916667,OTHER,870,data.gov.s / lta.gov.sg / robbieandrew
2018M12,yearly,2017.916667,PETROL,5655,data.gov.s / lta.gov.sg / robbieandrew
2018M12,yearly,2017.916667,PHEV,0,data.gov.s / lta.gov.sg / robbieandrew
2018M12,yearly,2017.916667,TOTAL,6722.333333333333,data.gov.s / lta.gov.sg / robbieandrew
2019M01,monthly,2018,BEV,23.916666666666664,data.gov.s / lta.gov.sg / robbieandrew
2019M01,monthly,2018,DIESEL,140,data.gov.s / lta.gov.sg / robbieandrew
2019M01,monthly,2018,HEV,0,data.gov.s / lta.gov.sg / robbieandrew
2019M01,monthly,2018,OTHER,1195,data.gov.s / lta.gov.sg / robbieandrew
2019M01,monthly,2018,PETROL,6922,data.gov.s / lta.gov.sg / robbieandrew
2019M01,monthly,2018,PHEV,0,data.gov.s / lta.gov.sg / robbieandrew
2019M01,monthly,2018,TOTAL,8280.916666666666,data.gov.s / lta.gov.sg / robbieandrew
2019M02,,2018.083333,BEV,23.916666666666664,data.gov.s / lta.gov.sg / robbieandrew
2019M02,,2018.083333,DIESEL,78,data.gov.s / lta.gov.sg / robbieandrew
2019M02,,2018.083333,HEV,0,data.gov.s / lta.gov.sg / robbieandrew
2019M02,,2018.083333,OTHER,526,data.gov.s / lta.gov.sg / robbieandrew
2019M02,,2018.083333,PETROL,4406,data.gov.s / lta.gov.sg / robbieandrew
2019M02,,2018.083333,PHEV,0,data.gov.s / lta.gov.sg / robbieandrew
2019M02,,2018.083333,TOTAL,5033.916666666667,data.gov.s / lta.gov.sg / robbieandrew
2020M01,quarterly,2019,BEV,1.9166666666666667,data.gov.s / lta.gov.sg / robbieandrew
2020M01,quarterly,2019,DIESEL,58,data.gov.s / lta.gov.sg / robbieandrew
2020M01,quarterly,2019,HEV,0,data.gov.s / lta.gov.sg / robbieandrew
2020M01,quarterly,2019,OTHER,778,data.gov.s / lta.gov.sg / robbieandrew
2020M01,quarterly,2019,PETROL,4193,data.gov.s / lta.gov.sg / robbieandrew
2020M01,quarterly,2019,PHEV,0,data.gov.s / lta.gov.sg / robbieandrew
2020M01,quarterly,2019,TOTAL,5030.916666666667,data.gov.s / lta.gov.sg / robbieandrew
2020M02,quarterly,2019.083333,BEV,1.9166666666666667,data.gov.s / lta.gov.sg / robbieandrew
2020M02,quarterly,2019.083333,DIESEL,67,data.gov.s / lta.gov.sg / robbieandrew
2020M02,quarterly,2019.083333,HEV,0,data.gov.s / lta.gov.sg / robbieandrew
2020M02,quarterly,2019.083333,OTHER,732,data.gov.s / lta.gov.sg / robbieandrew
2020M02,quarterly,2019.083333,PETROL,3870,data.gov.s / lta.gov.sg / robbieandrew
2020M02,quarterly,2019.083333,PHEV,0,data.gov.s / lta.gov.sg / robbieandrew
2020M02,quarterly,2019.083333,TOTAL,4670.916666666667,data.gov.s / lta.gov.sg / robbieandrew
2020M03,quarterly,2019.166667,BEV,1.9166666666666667,data.gov.s / lta.gov.sg / robbieandrew
2020M03,quarterly,2019.166667,DIESEL,119,data.gov.s / lta.gov.sg / robbieandrew
2020M03,quarterly,2019.166667,HEV,0,data.gov.s / lta.gov.sg / robbieandrew
2020M03,quarterly,2019.166667,OTHER,844,data.gov.s / lta.gov.sg / robbieandrew
2020M03,quarterly,2019.166667,PETROL,4038,data.gov.s / lta.gov.sg / robbieandrew
2020M03,quarterly,2019.166667,PHEV,0,data.gov.s / lta.gov.sg / robbieandrew
2020M03,quarterly,2019.166667,TOTAL,5002.916666666667,data.gov.s / lta.gov.sg / robbieandrew
2020M04,quarterly,2019.25,BEV,1.9166666666666667,data.gov.s / lta.gov.sg / robbieandrew
2020M04,quarterly,2019.25,DIESEL,18,data.gov.s / lta.gov.sg / robbieandrew
2020M04,quarterly,2019.25,HEV,0,data.gov.s / lta.gov.sg / robbieandrew
2020M04,quarterly,2019.25,OTHER,121,data.gov.s / lta.gov.sg / robbieandrew
2020M04,quarterly,2019.25,PETROL,543,data.gov.s / lta.gov.sg / robbieandrew
2020M04,quarterly,2019.25,PHEV,0,data.gov.s / lta.gov.sg / robbieandrew
2020M04,quarterly,2019.25,TOTAL,683.9166666666666,data.gov.s / lta.gov.sg / robbieandrew
2020M05,quarterly,2019.333333,BEV,1.9166666666666667,data.gov.s / lta.gov.sg / robbieandrew
2020M05,quarterly,2019.333333,DIESEL,3,data.gov.s / lta.gov.sg / robbieandrew
2020M05,quarterly,2019.333333,HEV,0,data.gov.s / lta.gov.sg / robbieandrew
2020M05,quarterly,2019.333333,OTHER,17,data.gov.s / lta.gov.sg / robbieandrew
2020M05,quarterly,2019.333333,PETROL,28,data.gov.s / lta.gov.sg / robbieandrew
2020M05,quarterly,2019.333333,PHEV,0,data.gov.s / lta.gov.sg / robbieandrew
2020M05,quarterly,2019.333333,TOTAL,49.916666666666664,data.gov.s / lta.gov.sg / robbieandrew
2020M06,quarterly,2019.416667,BEV,1.9166666666666667,data.gov.s / lta.gov.sg / robbieandrew
2020M06,quarterly,2019.416667,DIESEL,14,data.gov.s / lta.gov.sg / robbieandrew
2020M06,quarterly,2019.416667,HEV,0,data.gov.s / lta.gov.sg / robbieandrew
2020M06,quarterly,2019.416667,OTHER,146,data.gov.s / lta.gov.sg / robbieandrew
2020M06,quarterly,2019.416667,PETROL,904,data.gov.s / lta.gov.sg / robbieandrew
2020M06,quarterly,2019.416667,PHEV,0,data.gov.s / lta.gov.sg / robbieandrew
2020M06,quarterly,2019.416667,TOTAL,1065.9166666666667,data.gov.s / lta.gov.sg / robbieandrew
2020M07,quarterly,2019.5,BEV,1.9166666666666667,data.gov.s / lta.gov.sg / robbieandrew
2020M07,quarterly,2019.5,DIESEL,23,data.gov.s / lta.gov.sg / robbieandrew
2020M07,quarterly,2019.5,HEV,0,data.gov.s / lta.gov.sg / robbieandrew
2020M07,quarterly,2019.5,OTHER,399,data.gov.s / lta.gov.sg / robbieandrew
2020M07,quarterly,2019.5,PETROL,2883,data.gov.s / lta.gov.sg / robbieandrew
2020M07,quarterly,2019.5,PHEV,0,data.gov.s / lta.gov.sg / robbieandrew
2020M07,quarterly,2019.5,TOTAL,3306.9166666666665,data.gov.s / lta.gov.sg / robbieandrew
2020M08,quarterly,2019.583333,BEV,1.9166666666666667,data.gov.s / lta.gov.sg / robbieandrew
2020M08,quarterly,2019.583333,DIESEL,23,data.gov.s / lta.gov.sg / robbieandrew
2020M08,quarterly,2019.583333,HEV,0,data.gov.s / lta.gov.sg / robbieandrew
2020M08,quarterly,2019.583333,OTHER,352,data.gov.s / lta.gov.sg / robbieandrew
2020M08,quarterly,2019.583333,PETROL,2842,data.gov.s / lta.gov.sg / robbieandrew
2020M08,quarterly,2019.583333,PHEV,0,data.gov.s / lta.gov.sg / robbieandrew
2020M08,quarterly,2019.583333,TOTAL,3218.9166666666665,data.gov.s / lta.gov.sg / robbieandrew
2020M09,quarterly,2019.666667,BEV,1.9166666666666667,data.gov.s / lta.gov.sg / robbieandrew
2020M09,quarterly,2019.666667,DIESEL,11,data.gov.s / lta.gov.sg / robbieandrew
2020M09,quarterly,2019.666667,HEV,0,data.gov.s / lta.gov.sg / robbieandrew
2020M09,quarterly,2019.666667,OTHER,360,data.gov.s / lta.gov.sg / robbieandrew
2020M09,quarterly,2019.666667,PETROL,2485,data.gov.s / lta.gov.sg / robbieandrew
2020M09,quarterly,2019.666667,PHEV,0,data.gov.s / lta.gov.sg / robbieandrew
2020M09,quarterly,2019.666667,TOTAL,2857.9166666666665,data.gov.s / lta.gov.sg / robbieandrew
2020M10,quarterly,2019.75,BEV,1.9166666666666667,data.gov.s / lta.gov.sg / robbieandrew
2020M10,quarterly,2019.75,DIESEL,22,data.gov.s / lta.gov.sg / robbieandrew
2020M10,quarterly,2019.75,HEV,0,data.gov.s / lta.gov.sg / robbieandrew
2020M10,quarterly,2019.75,OTHER,560,data.gov.s / lta.gov.sg / robbieandrew
2020M10,quarterly,2019.75,PETROL,2689,data.gov.s / lta.gov.sg / robbieandrew
2020M10,quarterly,2019.75,PHEV,0,data.gov.s / lta.gov.sg / robbieandrew
2020M10,quarterly,2019.75,TOTAL,3272.9166666666665,data.gov.s / lta.gov.sg / robbieandrew
2020M11,quarterly,2019.833333,BEV,1.9166666666666667,data.gov.s / lta.gov.sg / robbieandrew
2020M11,quarterly,2019.833333,DIESEL,29,data.gov.s / lta.gov.sg / robbieandrew
2020M11,quarterly,2019.833333,HEV,0,data.gov.s / lta.gov.sg / robbieandrew
2020M11,quarterly,2019.833333,OTHER,442,data.gov.s / lta.gov.sg / robbieandrew
2020M11,quarterly,2019.833333,PETROL,2669,data.gov.s / lta.gov.sg / robbieandrew
2020M11,quarterly,2019.833333,PHEV,0,data.gov.s / lta.gov.sg / robbieandrew
2020M11,quarterly,2019.833333,TOTAL,3141.9166666666665,data.gov.s / lta.gov.sg / robbieandrew
2020M12,quarterly,2019.916667,BEV,1.9166666666666667,data.gov.s / lta.gov.sg / robbieandrew
2020M12,quarterly,2019.916667,DIESEL,39,data.gov.s / lta.gov.sg / robbieandrew
2020M12,quarterly,2019.916667,HEV,0,data.gov.s / lta.gov.sg / robbieandrew
2020M12,quarterly,2019.916667,OTHER,326,data.gov.s / lta.gov.sg / robbieandrew
2020M12,quarterly,2019.916667,PETROL,2215,data.gov.s / lta.gov.sg / robbieandrew
2020M12,quarterly,2019.916667,PHEV,0,data.gov.s / lta.gov.sg / robbieandrew
2020M12,quarterly,2019.916667,TOTAL,2581.9166666666665,data.gov.s / lta.gov.sg / robbieandrew
2021M01,monthly,2020,BEV,87.75,data.gov.s / lta.gov.sg / robbieandrew
2021M01,monthly,2020,DIESEL,80,data.gov.s / lta.gov.sg / robbieandrew
2021M01,monthly,2020,HEV,0,data.gov.s / lta.gov.sg / robbieandrew
2021M01,monthly,2020,OTHER,1573,data.gov.s / lta.gov.sg / robbieandrew
2021M01,monthly,2020,PETROL,3631,data.gov.s / lta.gov.sg / robbieandrew
2021M01,monthly,2020,PHEV,0,data.gov.s / lta.gov.sg / robbieandrew
2021M01,monthly,2020,TOTAL,5371.75,data.gov.s / lta.gov.sg / robbieandrew
2021M02,monthly,2020.083333,BEV,87.75,data.gov.s / lta.gov.sg / robbieandrew
2021M02,monthly,2020.083333,DIESEL,62,data.gov.s / lta.gov.sg / robbieandrew
2021M02,monthly,2020.083333,HEV,0,data.gov.s / lta.gov.sg / robbieandrew
2021M02,monthly,2020.083333,OTHER,955,data.gov.s / lta.gov.sg / robbieandrew
2021M02,monthly,2020.083333,PETROL,2631,data.gov.s / lta.gov.sg / robbieandrew
2021M02,monthly,2020.083333,PHEV,0,data.gov.s / lta.gov.sg / robbieandrew
2021M02,monthly,2020.083333,TOTAL,3735.75,data.gov.s / lta.gov.sg / robbieandrew
2021M03,monthly,2020.166667,BEV,87.75,data.gov.s / lta.gov.sg / robbieandrew
2021M03,monthly,2020.166667,DIESEL,51,data.gov.s / lta.gov.sg / robbieandrew
2021M03,monthly,2020.166667,HEV,0,data.gov.s / lta.gov.sg / robbieandrew
2021M03,monthly,2020.166667,OTHER,1286,data.gov.s / lta.gov.sg / robbieandrew
2021M03,monthly,2020.166667,PETROL,3263,data.gov.s / lta.gov.sg / robbieandrew
2021M03,monthly,2020.166667,PHEV,0,data.gov.s / lta.gov.sg / robbieandrew
2021M03,monthly,2020.166667,TOTAL,4687.75,data.gov.s / lta.gov.sg / robbieandrew
2021M04,monthly,2020.25,BEV,87.75,data.gov.s / lta.gov.sg / robbieandrew
2021M04,monthly,2020.25,DIESEL,48,data.gov.s / lta.gov.sg / robbieandrew
2021M04,monthly,2020.25,HEV,0,data.gov.s / lta.gov.sg / robbieandrew
2021M04,monthly,2020.25,OTHER,1272,data.gov.s / lta.gov.sg / robbieandrew
2021M04,monthly,2020.25,PETROL,2730,data.gov.s / lta.gov.sg / robbieandrew
2021M04,monthly,2020.25,PHEV,0,data.gov.s / lta.gov.sg / robbieandrew
2021M04,monthly,2020.25,TOTAL,4137.75,data.gov.s / lta.gov.sg / robbieandrew
2021M05,monthly,2020.333333,BEV,87.75,data.gov.s / lta.gov.sg / robbieandrew
2021M05,monthly,2020.333333,DIESEL,46,data.gov.s / lta.gov.sg / robbieandrew
2021M05,monthly,2020.333333,HEV,0,data.gov.s / lta.gov.sg / robbieandrew
2021M05,monthly,2020.333333,OTHER,1135,data.gov.s / lta.gov.sg / robbieandrew
2021M05,monthly,2020.333333,PETROL,2585,data.gov.s / lta.gov.sg / robbieandrew
2021M05,monthly,2020.333333,PHEV,0,data.gov.s / lta.gov.sg / robbieandrew
2021M05,monthly,2020.333333,TOTAL,3853.75,data.gov.s / lta.gov.sg / robbieandrew
2021M06,monthly,2020.416667,BEV,87.75,data.gov.s / lta.gov.sg / robbieandrew
2021M06,monthly,2020.416667,DIESEL,51,data.gov.s / lta.gov.sg / robbieandrew
2021M06,monthly,2020.416667,HEV,0,data.gov.s / lta.gov.sg / robbieandrew
2021M06,monthly,2020.416667,OTHER,1310,data.gov.s / lta.gov.sg / robbieandrew
2021M06,monthly,2020.416667,PETROL,3068,data.gov.s / lta.gov.sg / robbieandrew
2021M06,monthly,2020.416667,PHEV,0,data.gov.s / lta.gov.sg / robbieandrew
2021M06,monthly,2020.416667,TOTAL,4516.75,data.gov.s / lta.gov.sg / robbieandrew
2021M07,monthly,2020.5,BEV,87.75,data.gov.s / lta.gov.sg / robbieandrew
2021M07,monthly,2020.5,DIESEL,42,data.gov.s / lta.gov.sg / robbieandrew
2021M07,monthly,2020.5,HEV,0,data.gov.s / lta.gov.sg / robbieandrew
2021M07,monthly,2020.5,OTHER,1274,data.gov.s / lta.gov.sg / robbieandrew
2021M07,monthly,2020.5,PETROL,2130,data.gov.s / lta.gov.sg / robbieandrew
2021M07,monthly,2020.5,PHEV,0,data.gov.s / lta.gov.sg / robbieandrew
2021M07,monthly,2020.5,TOTAL,3533.75,data.gov.s / lta.gov.sg / robbieandrew
2021M08,monthly,2020.583333,BEV,87.75,data.gov.s / lta.gov.sg / robbieandrew
2021M08,monthly,2020.583333,DIESEL,32,data.gov.s / lta.gov.sg / robbieandrew
2021M08,monthly,2020.583333,HEV,0,data.gov.s / lta.gov.sg / robbieandrew
2021M08,monthly,2020.583333,OTHER,1324,data.gov.s / lta.gov.sg / robbieandrew
2021M08,monthly,2020.583333,PETROL,2149,data.gov.s / lta.gov.sg / robbieandrew
2021M08,monthly,2020.583333,PHEV,0,data.gov.s / lta.gov.sg / robbieandrew
2021M08,monthly,2020.583333,TOTAL,3592.75,data.gov.s / lta.gov.sg / robbieandrew
2021M09,monthly,2020.666667,BEV,87.75,data.gov.s / lta.gov.sg / robbieandrew
2021M09,monthly,2020.666667,DIESEL,17,data.gov.s / lta.gov.sg / robbieandrew
2021M09,monthly,2020.666667,HEV,0,data.gov.s / lta.gov.sg / robbieandrew
2021M09,monthly,2020.666667,OTHER,1650,data.gov.s / lta.gov.sg / robbieandrew
2021M09,monthly,2020.666667,PETROL,2234,data.gov.s / lta.gov.sg / robbieandrew
2021M09,monthly,2020.666667,PHEV,0,data.gov.s / lta.gov.sg / robbieandrew
2021M09,monthly,2020.666667,TOTAL,3988.75,data.gov.s / lta.gov.sg / robbieandrew
2021M10,monthly,2020.75,BEV,87.75,data.gov.s / lta.gov.sg / robbieandrew
2021M10,monthly,2020.75,DIESEL,26,data.gov.s / lta.gov.sg / robbieandrew
2021M10,monthly,2020.75,HEV,0,data.gov.s / lta.gov.sg / robbieandrew
2021M10,monthly,2020.75,OTHER,1109,data.gov.s / lta.gov.sg / robbieandrew
2021M10,monthly,2020.75,PETROL,1811,data.gov.s / lta.gov.sg / robbieandrew
2021M10,monthly,2020.75,PHEV,0,data.gov.s / lta.gov.sg / robbieandrew
2021M10,monthly,2020.75,TOTAL,3033.75,data.gov.s / lta.gov.sg / robbieandrew
2021M11,monthly,2020.833333,BEV,87.75,data.gov.s / lta.gov.sg / robbieandrew
2021M11,monthly,2020.833333,DIESEL,35,data.gov.s / lta.gov.sg / robbieandrew
2021M11,monthly,2020.833333,HEV,0,data.gov.s / lta.gov.sg / robbieandrew
2021M11,monthly,2020.833333,OTHER,1240,data.gov.s / lta.gov.sg / robbieandrew
2021M11,monthly,2020.833333,PETROL,1690,data.gov.s / lta.gov.sg / robbieandrew
2021M11,monthly,2020.833333,PHEV,0,data.gov.s / lta.gov.sg / robbieandrew
2021M11,monthly,2020.833333,TOTAL,3052.75,data.gov.s / lta.gov.sg / robbieandrew
2021M12,monthly,2020.916667,BEV,87.75,data.gov.s / lta.gov.sg / robbieandrew
2021M12,monthly,2020.916667,DIESEL,51,data.gov.s / lta.gov.sg / robbieandrew
2021M12,monthly,2020.916667,HEV,0,data.gov.s / lta.gov.sg / robbieandrew
2021M12,monthly,2020.916667,OTHER,1166,data.gov.s / lta.gov.sg / robbieandrew
2021M12,monthly,2020.916667,PETROL,1685,data.gov.s / lta.gov.sg / robbieandrew
2021M12,monthly,2020.916667,PHEV,0,data.gov.s / lta.gov.sg / robbieandrew
2021M12,monthly,2020.916667,TOTAL,2989.75,data.gov.s / lta.gov.sg / robbieandrew
2022M01,monthly,2021,BEV,87.75,data.gov.s / lta.gov.sg / robbieandrew
2022M01,monthly,2021,DIESEL,62,data.gov.s / lta.gov.sg / robbieandrew
2022M01,monthly,2021,HEV,0,data.gov.s / lta.gov.sg / robbieandrew
2022M01,monthly,2021,OTHER,1163,data.gov.s / lta.gov.sg / robbieandrew
2022M01,monthly,2021,PETROL,1739,data.gov.s / lta.gov.sg / robbieandrew
2022M01,monthly,2021,PHEV,0,data.gov.s / lta.gov.sg / robbieandrew
2022M01,monthly,2021,TOTAL,3051.75,data.gov.s / lta.gov.sg / robbieandrew
2022M02,monthly,2021.083333,BEV,87.75,data.gov.s / lta.gov.sg / robbieandrew
2022M02,monthly,2021.083333,DIESEL,27,data.gov.s / lta.gov.sg / robbieandrew
2022M02,monthly,2021.083333,HEV,0,data.gov.s / lta.gov.sg / robbieandrew
2022M02,monthly,2021.083333,OTHER,975,data.gov.s / lta.gov.sg / robbieandrew
2022M02,monthly,2021.083333,PETROL,1269,data.gov.s / lta.gov.sg / robbieandrew
2022M02,monthly,2021.083333,PHEV,0,data.gov.s / lta.gov.sg / robbieandrew
2022M02,monthly,2021.083333,TOTAL,2358.75,data.gov.s / lta.gov.sg / robbieandrew
2022M03,monthly,2021.166667,BEV,87.75,data.gov.s / lta.gov.sg / robbieandrew
2022M03,monthly,2021.166667,DIESEL,35,data.gov.s / lta.gov.sg / robbieandrew
2022M03,monthly,2021.166667,HEV,0,data.gov.s / lta.gov.sg / robbieandrew
2022M03,monthly,2021.166667,OTHER,1258,data.gov.s / lta.gov.sg / robbieandrew
2022M03,monthly,2021.166667,PETROL,1334,data.gov.s / lta.gov.sg / robbieandrew
2022M03,monthly,2021.166667,PHEV,0,data.gov.s / lta.gov.sg / robbieandrew
2022M03,monthly,2021.166667,TOTAL,2714.75,data.gov.s / lta.gov.sg / robbieandrew
2022M04,monthly,2021.25,BEV,87.75,data.gov.s / lta.gov.sg / robbieandrew
2022M04,monthly,2021.25,DIESEL,45,data.gov.s / lta.gov.sg / robbieandrew
2022M04,monthly,2021.25,HEV,0,data.gov.s / lta.gov.sg / robbieandrew
2022M04,monthly,2021.25,OTHER,1311,data.gov.s / lta.gov.sg / robbieandrew
2022M04,monthly,2021.25,PETROL,1145,data.gov.s / lta.gov.sg / robbieandrew
2022M04,monthly,2021.25,PHEV,0,data.gov.s / lta.gov.sg / robbieandrew
2022M04,monthly,2021.25,TOTAL,2588.75,data.gov.s / lta.gov.sg / robbieandrew
2022M05,monthly,2021.333333,BEV,87.75,data.gov.s / lta.gov.sg / robbieandrew
2022M05,monthly,2021.333333,DIESEL,29,data.gov.s / lta.gov.sg / robbieandrew
2022M05,monthly,2021.333333,HEV,0,data.gov.s / lta.gov.sg / robbieandrew
2022M05,monthly,2021.333333,OTHER,1462,data.gov.s / lta.gov.sg / robbieandrew
2022M05,monthly,2021.333333,PETROL,1456,data.gov.s / lta.gov.sg / robbieandrew
2022M05,monthly,2021.333333,PHEV,0,data.gov.s / lta.gov.sg / robbieandrew
2022M05,monthly,2021.333333,TOTAL,3034.75,data.gov.s / lta.gov.sg / robbieandrew
2022M06,monthly,2021.416667,BEV,87.75,data.gov.s / lta.gov.sg / robbieandrew
2022M06,monthly,2021.416667,DIESEL,115,data.gov.s / lta.gov.sg / robbieandrew
2022M06,monthly,2021.416667,HEV,0,data.gov.s / lta.gov.sg / robbieandrew
2022M06,monthly,2021.416667,OTHER,1756,data.gov.s / lta.gov.sg / robbieandrew
2022M06,monthly,2021.416667,PETROL,1386,data.gov.s / lta.gov.sg / robbieandrew
2022M06,monthly,2021.416667,PHEV,0,data.gov.s / lta.gov.sg / robbieandrew
2022M06,monthly,2021.416667,TOTAL,3344.75,data.gov.s / lta.gov.sg / robbieandrew
2022M07,monthly,2021.5,BEV,297,data.gov.s / lta.gov.sg / robbieandrew
2022M07,monthly,2021.5,DIESEL,56,data.gov.s / lta.gov.sg / robbieandrew
2022M07,monthly,2021.5,HEV,1037,data.gov.s / lta.gov.sg / robbieandrew
2022M07,monthly,2021.5,OTHER,0,data.gov.s / lta.gov.sg / robbieandrew
2022M07,monthly,2021.5,PETROL,1125,data.gov.s / lta.gov.sg / robbieandrew
2022M07,monthly,2021.5,PHEV,14,data.gov.s / lta.gov.sg / robbieandrew
2022M07,monthly,2021.5,TOTAL,2529,data.gov.s / lta.gov.sg / robbieandrew
2022M08,monthly,2021.583333,BEV,275,data.gov.s / lta.gov.sg / robbieandrew
2022M08,monthly,2021.583333,DIESEL,24,data.gov.s / lta.gov.sg / robbieandrew
2022M08,monthly,2021.583333,HEV,797,data.gov.s / lta.gov.sg / robbieandrew
2022M08,monthly,2021.583333,OTHER,0,data.gov.s / lta.gov.sg / robbieandrew
2022M08,monthly,2021.583333,PETROL,1256,data.gov.s / lta.gov.sg / robbieandrew
2022M08,monthly,2021.583333,PHEV,22,data.gov.s / lta.gov.sg / robbieandrew
2022M08,monthly,2021.583333,TOTAL,2374,data.gov.s / lta.gov.sg / robbieandrew
2022M09,monthly,2021.666667,BEV,434,data.gov.s / lta.gov.sg / robbieandrew
2022M09,monthly,2021.666667,DIESEL,9,data.gov.s / lta.gov.sg / robbieandrew
2022M09,monthly,2021.666667,HEV,777,data.gov.s / lta.gov.sg / robbieandrew
2022M09,monthly,2021.666667,OTHER,0,data.gov.s / lta.gov.sg / robbieandrew
2022M09,monthly,2021.666667,PETROL,1128,data.gov.s / lta.gov.sg / robbieandrew
2022M09,monthly,2021.666667,PHEV,9,data.gov.s / lta.gov.sg / robbieandrew
2022M09,monthly,2021.666667,TOTAL,2357,data.gov.s / lta.gov.sg / robbieandrew
2022M10,monthly,2021.75,BEV,386,data.gov.s / lta.gov.sg / robbieandrew
2022M10,monthly,2021.75,DIESEL,6,data.gov.s / lta.gov.sg / robbieandrew
2022M10,monthly,2021.75,HEV,1019,data.gov.s / lta.gov.sg / robbieandrew
2022M10,monthly,2021.75,OTHER,0,data.gov.s / lta.gov.sg / robbieandrew
2022M10,monthly,2021.75,PETROL,963,data.gov.s / lta.gov.sg / robbieandrew
2022M10,monthly,2021.75,PHEV,22,data.gov.s / lta.gov.sg / robbieandrew
2022M10,monthly,2021.75,TOTAL,2396,data.gov.s / lta.gov.sg / robbieandrew
2022M11,monthly,2021.833333,BEV,345,data.gov.s / lta.gov.sg / robbieandrew
2022M11,monthly,2021.833333,DIESEL,5,data.gov.s / lta.gov.sg / robbieandrew
2022M11,monthly,2021.833333,HEV,930,data.gov.s / lta.gov.sg / robbieandrew
2022M11,monthly,2021.833333,OTHER,0,data.gov.s / lta.gov.sg / robbieandrew
2022M11,monthly,2021.833333,PETROL,1007,data.gov.s / lta.gov.sg / robbieandrew
2022M11,monthly,2021.833333,PHEV,22,data.gov.s / lta.gov.sg / robbieandrew
2022M11,monthly,2021.833333,TOTAL,2309,data.gov.s / lta.gov.sg / robbieandrew
2022M12,monthly,2021.916667,BEV,302.8333333333333,data.gov.s / lta.gov.sg / robbieandrew
2022M12,monthly,2021.916667,DIESEL,22,data.gov.s / lta.gov.sg / robbieandrew
2022M12,monthly,2021.916667,HEV,0,data.gov.s / lta.gov.sg / robbieandrew
2022M12,monthly,2021.916667,OTHER,1376,data.gov.s / lta.gov.sg / robbieandrew
2022M12,monthly,2021.916667,PETROL,1009,data.gov.s / lta.gov.sg / robbieandrew
2022M12,monthly,2021.916667,PHEV,0,data.gov.s / lta.gov.sg / robbieandrew
2022M12,monthly,2021.916667,TOTAL,2709.8333333333335,data.gov.s / lta.gov.sg / robbieandrew
2023M01,monthly,2022,BEV,278,data.gov.s / lta.gov.sg / robbieandrew
2023M01,monthly,2022,DIESEL,10,data.gov.s / lta.gov.sg / robbieandrew
2023M01,monthly,2022,HEV,776,data.gov.s / lta.gov.sg / robbieandrew
2023M01,monthly,2022,OTHER,0,data.gov.s / lta.gov.sg / robbieandrew
2023M01,monthly,2022,PETROL,813,data.gov.s / lta.gov.sg / robbieandrew
2023M01,monthly,2022,PHEV,11,data.gov.s / lta.gov.sg / robbieandrew
2023M01,monthly,2022,TOTAL,1888,data.gov.s / lta.gov.sg / robbieandrew
2023M02,monthly,2022.083333,BEV,241,data.gov.s / lta.gov.sg / robbieandrew
2023M02,monthly,2022.083333,DIESEL,53,data.gov.s / lta.gov.sg / robbieandrew
2023M02,monthly,2022.083333,HEV,918,data.gov.s / lta.gov.sg / robbieandrew
2023M02,monthly,2022.083333,OTHER,0,data.gov.s / lta.gov.sg / robbieandrew
2023M02,monthly,2022.083333,PETROL,905,data.gov.s / lta.gov.sg / robbieandrew
2023M02,monthly,2022.083333,PHEV,19,data.gov.s / lta.gov.sg / robbieandrew
2023M02,monthly,2022.083333,TOTAL,2136,data.gov.s / lta.gov.sg / robbieandrew
2023M03,monthly,2022.166667,BEV,291,data.gov.s / lta.gov.sg / robbieandrew
2023M03,monthly,2022.166667,DIESEL,9,data.gov.s / lta.gov.sg / robbieandrew
2023M03,monthly,2022.166667,HEV,1010,data.gov.s / lta.gov.sg / robbieandrew
2023M03,monthly,2022.166667,OTHER,0,data.gov.s / lta.gov.sg / robbieandrew
2023M03,monthly,2022.166667,PETROL,1138,data.gov.s / lta.gov.sg / robbieandrew
2023M03,monthly,2022.166667,PHEV,21,data.gov.s / lta.gov.sg / robbieandrew
2023M03,monthly,2022.166667,TOTAL,2469,data.gov.s / lta.gov.sg / robbieandrew
2023M04,monthly,2022.25,BEV,303,data.gov.s / lta.gov.sg / robbieandrew
2023M04,monthly,2022.25,DIESEL,16,data.gov.s / lta.gov.sg / robbieandrew
2023M04,monthly,2022.25,HEV,865,data.gov.s / lta.gov.sg / robbieandrew
2023M04,monthly,2022.25,OTHER,0,data.gov.s / lta.gov.sg / robbieandrew
2023M04,monthly,2022.25,PETROL,972,data.gov.s / lta.gov.sg / robbieandrew
2023M04,monthly,2022.25,PHEV,29,data.gov.s / lta.gov.sg / robbieandrew
2023M04,monthly,2022.25,TOTAL,2185,data.gov.s / lta.gov.sg / robbieandrew
2023M05,monthly,2022.333333,BEV,348,data.gov.s / lta.gov.sg / robbieandrew
2023M05,monthly,2022.333333,DIESEL,21,data.gov.s / lta.gov.sg / robbieandrew
2023M05,monthly,2022.333333,HEV,972,data.gov.s / lta.gov.sg / robbieandrew
2023M05,monthly,2022.333333,OTHER,0,data.gov.s / lta.gov.sg / robbieandrew
2023M05,monthly,2022.333333,PETROL,827,data.gov.s / lta.gov.sg / robbieandrew
2023M05,monthly,2022.333333,PHEV,46,data.gov.s / lta.gov.sg / robbieandrew
2023M05,monthly,2022.333333,TOTAL,2214,data.gov.s / lta.gov.sg / robbieandrew
2023M06,monthly,2022.416667,BEV,431,data.gov.s / lta.gov.sg / robbieandrew
2023M06,monthly,2022.416667,DIESEL,10,data.gov.s / lta.gov.sg / robbieandrew
2023M06,monthly,2022.416667,HEV,945,data.gov.s / lta.gov.sg / robbieandrew
2023M06,monthly,2022.416667,OTHER,0,data.gov.s / lta.gov.sg / robbieandrew
2023M06,monthly,2022.416667,PETROL,926,data.gov.s / lta.gov.sg / robbieandrew
2023M06,monthly,2022.416667,PHEV,20,data.gov.s / lta.gov.sg / robbieandrew
2023M06,monthly,2022.416667,TOTAL,2332,data.gov.s / lta.gov.sg / robbieandrew
2023M07,monthly,2022.5,BEV,486,data.gov.s / lta.gov.sg / robbieandrew
2023M07,monthly,2022.5,DIESEL,3,data.gov.s / lta.gov.sg / robbieandrew
2023M07,monthly,2022.5,HEV,1091,data.gov.s / lta.gov.sg / robbieandrew
2023M07,monthly,2022.5,OTHER,0,data.gov.s / lta.gov.sg / robbieandrew
2023M07,monthly,2022.5,PETROL,784,data.gov.s / lta.gov.sg / robbieandrew
2023M07,monthly,2022.5,PHEV,18,data.gov.s / lta.gov.sg / robbieandrew
2023M07,monthly,2022.5,TOTAL,2382,data.gov.s / lta.gov.sg / robbieandrew
2023M08,monthly,2022.583333,BEV,588,data.gov.s / lta.gov.sg / robbieandrew
2023M08,monthly,2022.583333,DIESEL,0,data.gov.s / lta.gov.sg / robbieandrew
2023M08,monthly,2022.583333,HEV,1140,data.gov.s / lta.gov.sg / robbieandrew
2023M08,monthly,2022.583333,OTHER,0,data.gov.s / lta.gov.sg / robbieandrew
2023M08,monthly,2022.583333,PETROL,796,data.gov.s / lta.gov.sg / robbieandrew
2023M08,monthly,2022.583333,PHEV,17,data.gov.s / lta.gov.sg / robbieandrew
2023M08,monthly,2022.583333,TOTAL,2541,data.gov.s / lta.gov.sg / robbieandrew
2023M09,monthly,2022.666667,BEV,549,data.gov.s / lta.gov.sg / robbieandrew
2023M09,monthly,2022.666667,DIESEL,0,data.gov.s / lta.gov.sg / robbieandrew
2023M09,monthly,2022.666667,HEV,1122,data.gov.s / lta.gov.sg / robbieandrew
2023M09,monthly,2022.666667,OTHER,0,data.gov.s / lta.gov.sg / robbieandrew
2023M09,monthly,2022.666667,PETROL,727,data.gov.s / lta.gov.sg / robbieandrew
2023M09,monthly,2022.666667,PHEV,13,data.gov.s / lta.gov.sg / robbieandrew
2023M09,monthly,2022.666667,TOTAL,2411,data.gov.s / lta.gov.sg / robbieandrew
2023M10,monthly,2022.75,BEV,431,data.gov.s / lta.gov.sg / robbieandrew
2023M10,monthly,2022.75,DIESEL,1,data.gov.s / lta.gov.sg / robbieandrew
2023M10,monthly,2022.75,HEV,1154,data.gov.s / lta.gov.sg / robbieandrew
2023M10,monthly,2022.75,OTHER,0,data.gov.s / lta.gov.sg / robbieandrew
2023M10,monthly,2022.75,PETROL,740,data.gov.s / lta.gov.sg / robbieandrew
2023M10,monthly,2022.75,PHEV,26,data.gov.s / lta.gov.sg / robbieandrew
2023M10,monthly,2022.75,TOTAL,2352,data.gov.s / lta.gov.sg / robbieandrew
2023M11,monthly,2022.833333,BEV,560,data.gov.s / lta.gov.sg / robbieandrew
2023M11,monthly,2022.833333,DIESEL,20,data.gov.s / lta.gov.sg / robbieandrew
2023M11,monthly,2022.833333,HEV,1299,data.gov.s / lta.gov.sg / robbieandrew
2023M11,monthly,2022.833333,OTHER,0,data.gov.s / lta.gov.sg / robbieandrew
2023M11,monthly,2022.833333,PETROL,641,data.gov.s / lta.gov.sg / robbieandrew
2023M11,monthly,2022.833333,PHEV,21,data.gov.s / lta.gov.sg / robbieandrew
2023M11,monthly,2022.833333,TOTAL,2541,data.gov.s / lta.gov.sg / robbieandrew
2023M12,monthly,2022.916667,BEV,962,data.gov.s / lta.gov.sg / robbieandrew
2023M12,monthly,2022.916667,DIESEL,22,data.gov.s / lta.gov.sg / robbieandrew
2023M12,monthly,2022.916667,HEV,2573,data.gov.s / lta.gov.sg / robbieandrew
2023M12,monthly,2022.916667,OTHER,0,data.gov.s / lta.gov.sg / robbieandrew
2023M12,monthly,2022.916667,PETROL,1192,data.gov.s / lta.gov.sg / robbieandrew
2023M12,monthly,2022.916667,PHEV,25,data.gov.s / lta.gov.sg / robbieandrew
2023M12,monthly,2022.916667,TOTAL,4774,data.gov.s / lta.gov.sg / robbieandrew
2024M01,monthly,2023,BEV,635,data.gov.s / lta.gov.sg / robbieandrew
2024M01,monthly,2023,DIESEL,2,data.gov.s / lta.gov.sg / robbieandrew
2024M01,monthly,2023,HEV,1091,data.gov.s / lta.gov.sg / robbieandrew
2024M01,monthly,2023,OTHER,0,data.gov.s / lta.gov.sg / robbieandrew
2024M01,monthly,2023,PETROL,501,data.gov.s / lta.gov.sg / robbieandrew
2024M01,monthly,2023,PHEV,11,data.gov.s / lta.gov.sg / robbieandrew
2024M01,monthly,2023,TOTAL,2240,data.gov.s / lta.gov.sg / robbieandrew
2024M02,monthly,2023.083333,BEV,758,data.gov.s / lta.gov.sg / robbieandrew
2024M02,monthly,2023.083333,DIESEL,1,data.gov.s / lta.gov.sg / robbieandrew
2024M02,monthly,2023.083333,HEV,1136,data.gov.s / lta.gov.sg / robbieandrew
2024M02,monthly,2023.083333,OTHER,0,data.gov.s / lta.gov.sg / robbieandrew
2024M02,monthly,2023.083333,PETROL,514,data.gov.s / lta.gov.sg / robbieandrew
2024M02,monthly,2023.083333,PHEV,5,data.gov.s / lta.gov.sg / robbieandrew
2024M02,monthly,2023.083333,TOTAL,2414,data.gov.s / lta.gov.sg / robbieandrew
2024M03,monthly,2023.166667,BEV,1192,data.gov.s / lta.gov.sg / robbieandrew
2024M03,monthly,2023.166667,DIESEL,0,data.gov.s / lta.gov.sg / robbieandrew
2024M03,monthly,2023.166667,HEV,1714,data.gov.s / lta.gov.sg / robbieandrew
2024M03,monthly,2023.166667,OTHER,0,data.gov.s / lta.gov.sg / robbieandrew
2024M03,monthly,2023.166667,PETROL,579,data.gov.s / lta.gov.sg / robbieandrew
2024M03,monthly,2023.166667,PHEV,23,data.gov.s / lta.gov.sg / robbieandrew
2024M03,monthly,2023.166667,TOTAL,3508,data.gov.s / lta.gov.sg / robbieandrew
2024M04,monthly,2023.25,BEV,1197,data.gov.s / lta.gov.sg / robbieandrew
2024M04,monthly,2023.25,DIESEL,2,data.gov.s / lta.gov.sg / robbieandrew
2024M04,monthly,2023.25,HEV,1562,data.gov.s / lta.gov.sg / robbieandrew
2024M04,monthly,2023.25,OTHER,0,data.gov.s / lta.gov.sg / robbieandrew
2024M04,monthly,2023.25,PETROL,663,data.gov.s / lta.gov.sg / robbieandrew
2024M04,monthly,2023.25,PHEV,28,data.gov.s / lta.gov.sg / robbieandrew
2024M04,monthly,2023.25,TOTAL,3452,data.gov.s / lta.gov.sg / robbieandrew
2024M05,monthly,2023.333333,BEV,1037,data.gov.s / lta.gov.sg / robbieandrew
2024M05,monthly,2023.333333,DIESEL,1,data.gov.s / lta.gov.sg / robbieandrew
2024M05,monthly,2023.333333,HEV,1587,data.gov.s / lta.gov.sg / robbieandrew
2024M05,monthly,2023.333333,OTHER,0,data.gov.s / lta.gov.sg / robbieandrew
2024M05,monthly,2023.333333,PETROL,551,data.gov.s / lta.gov.sg / robbieandrew
2024M05,monthly,2023.333333,PHEV,12,data.gov.s / lta.gov.sg / robbieandrew
2024M05,monthly,2023.333333,TOTAL,3188,data.gov.s / lta.gov.sg / robbieandrew
2024M06,monthly,2023.416667,BEV,1200,data.gov.s / lta.gov.sg / robbieandrew
2024M06,monthly,2023.416667,DIESEL,1,data.gov.s / lta.gov.sg / robbieandrew
2024M06,monthly,2023.416667,HEV,1833,data.gov.s / lta.gov.sg / robbieandrew
2024M06,monthly,2023.416667,OTHER,0,data.gov.s / lta.gov.sg / robbieandrew
2024M06,monthly,2023.416667,PETROL,723,data.gov.s / lta.gov.sg / robbieandrew
2024M06,monthly,2023.416667,PHEV,17,data.gov.s / lta.gov.sg / robbieandrew
2024M06,monthly,2023.416667,TOTAL,3774,data.gov.s / lta.gov.sg / robbieandrew
2024M07,monthly,2023.5,BEV,1197,data.gov.s / lta.gov.sg / robbieandrew
2024M07,monthly,2023.5,DIESEL,2,data.gov.s / lta.gov.sg / robbieandrew
2024M07,monthly,2023.5,HEV,1964,data.gov.s / lta.gov.sg / robbieandrew
2024M07,monthly,2023.5,OTHER,0,data.gov.s / lta.gov.sg / robbieandrew
2024M07,monthly,2023.5,PETROL,732,data.gov.s / lta.gov.sg / robbieandrew
2024M07,monthly,2023.5,PHEV,22,data.gov.s / lta.gov.sg / robbieandrew
2024M07,monthly,2023.5,TOTAL,3917,data.gov.s / lta.gov.sg / robbieandrew
2024M08,monthly,2023.583333,BEV,1411,data.gov.s / lta.gov.sg / robbieandrew
2024M08,monthly,2023.583333,DIESEL,1,data.gov.s / lta.gov.sg / robbieandrew
2024M08,monthly,2023.583333,HEV,1756,data.gov.s / lta.gov.sg / robbieandrew
2024M08,monthly,2023.583333,OTHER,0,data.gov.s / lta.gov.sg / robbieandrew
2024M08,monthly,2023.583333,PETROL,759,data.gov.s / lta.gov.sg / robbieandrew
2024M08,monthly,2023.583333,PHEV,22,data.gov.s / lta.gov.sg / robbieandrew
2024M08,monthly,2023.583333,TOTAL,3949,data.gov.s / lta.gov.sg / robbieandrew
2024M09,monthly,2023.666667,BEV,1314,data.gov.s / lta.gov.sg / robbieandrew
2024M09,monthly,2023.666667,DIESEL,2,data.gov.s / lta.gov.sg / robbieandrew
2024M09,monthly,2023.666667,HEV,2077,data.gov.s / lta.gov.sg / robbieandrew
2024M09,monthly,2023.666667,OTHER,0,data.gov.s / lta.gov.sg / robbieandrew
2024M09,monthly,2023.666667,PETROL,717,data.gov.s / lta.gov.sg / robbieandrew
2024M09,monthly,2023.666667,PHEV,15,data.gov.s / lta.gov.sg / robbieandrew
2024M09,monthly,2023.666667,TOTAL,4125,data.gov.s / lta.gov.sg / robbieandrew
2024M10,monthly,2023.75,BEV,1184,data.gov.s / lta.gov.sg / robbieandrew
2024M10,monthly,2023.75,DIESEL,3,data.gov.s / lta.gov.sg / robbieandrew
2024M10,monthly,2023.75,HEV,1596,data.gov.s / lta.gov.sg / robbieandrew
2024M10,monthly,2023.75,OTHER,0,data.gov.s / lta.gov.sg / robbieandrew
2024M10,monthly,2023.75,PETROL,608,data.gov.s / lta.gov.sg / robbieandrew
2024M10,monthly,2023.75,PHEV,16,data.gov.s / lta.gov.sg / robbieandrew
2024M10,monthly,2023.75,TOTAL,3407,data.gov.s / lta.gov.sg / robbieandrew
2024M11,monthly,2023.833333,BEV,1309,data.gov.s / lta.gov.sg / robbieandrew
2024M11,monthly,2023.833333,DIESEL,0,data.gov.s / lta.gov.sg / robbieandrew
2024M11,monthly,2023.833333,HEV,1641,data.gov.s / lta.gov.sg / robbieandrew
2024M11,monthly,2023.833333,OTHER,0,data.gov.s / lta.gov.sg / robbieandrew
2024M11,monthly,2023.833333,PETROL,643,data.gov.s / lta.gov.sg / robbieandrew
2024M11,monthly,2023.833333,PHEV,13,data.gov.s / lta.gov.sg / robbieandrew
2024M11,monthly,2023.833333,TOTAL,3606,data.gov.s / lta.gov.sg / robbieandrew
2024M12,monthly,2023.916667,BEV,2014,data.gov.s / lta.gov.sg / robbieandrew
2024M12,monthly,2023.916667,DIESEL,27,data.gov.s / lta.gov.sg / robbieandrew
2024M12,monthly,2023.916667,HEV,2701,data.gov.s / lta.gov.sg / robbieandrew
2024M12,monthly,2023.916667,OTHER,0,data.gov.s / lta.gov.sg / robbieandrew
2024M12,monthly,2023.916667,PETROL,674,data.gov.s / lta.gov.sg / robbieandrew
2024M12,monthly,2023.916667,PHEV,26,data.gov.s / lta.gov.sg / robbieandrew
2024M12,monthly,2023.916667,TOTAL,5442,data.gov.s / lta.gov.sg / robbieandrew
2025M01,monthly,2024,BEV,1037,data.gov.s / lta.gov.sg / robbieandrew
2025M01,monthly,2024,DIESEL,1,data.gov.s / lta.gov.sg / robbieandrew
2025M01,monthly,2024,HEV,1205,data.gov.s / lta.gov.sg / robbieandrew
2025M01,monthly,2024,OTHER,0,data.gov.s / lta.gov.sg / robbieandrew
2025M01,monthly,2024,PETROL,433,data.gov.s / lta.gov.sg / robbieandrew
2025M01,monthly,2024,PHEV,27,data.gov.s / lta.gov.sg / robbieandrew
2025M01,monthly,2024,TOTAL,2703,data.gov.s / lta.gov.sg / robbieandrew
2025M02,monthly,2024.083333,BEV,1668,data.gov.s / lta.gov.sg / robbieandrew
2025M02,monthly,2024.083333,DIESEL,1,data.gov.s / lta.gov.sg / robbieandrew
2025M02,monthly,2024.083333,HEV,1485,data.gov.s / lta.gov.sg / robbieandrew
2025M02,monthly,2024.083333,OTHER,0,data.gov.s / lta.gov.sg / robbieandrew
2025M02,monthly,2024.083333,PETROL,692,data.gov.s / lta.gov.sg / robbieandrew
2025M02,monthly,2024.083333,PHEV,32,data.gov.s / lta.gov.sg / robbieandrew
2025M02,monthly,2024.083333,TOTAL,3878,data.gov.s / lta.gov.sg / robbieandrew
2025M03,monthly,2024.166667,BEV,1678,data.gov.s / lta.gov.sg / robbieandrew
2025M03,monthly,2024.166667,DIESEL,0,data.gov.s / lta.gov.sg / robbieandrew
2025M03,monthly,2024.166667,HEV,1862,data.gov.s / lta.gov.sg / robbieandrew
2025M03,monthly,2024.166667,OTHER,0,data.gov.s / lta.gov.sg / robbieandrew
2025M03,monthly,2024.166667,PETROL,747,data.gov.s / lta.gov.sg / robbieandrew
2025M03,monthly,2024.166667,PHEV,46,data.gov.s / lta.gov.sg / robbieandrew
2025M03,monthly,2024.166667,TOTAL,4333,data.gov.s / lta.gov.sg / robbieandrew
2025M04,monthly,2024.25,BEV,1564,data.gov.s / lta.gov.sg / robbieandrew
2025M04,monthly,2024.25,DIESEL,0,data.gov.s / lta.gov.sg / robbieandrew
2025M04,monthly,2024.25,HEV,1677,data.gov.s / lta.gov.sg / robbieandrew
2025M04,monthly,2024.25,OTHER,0,data.gov.s / lta.gov.sg / robbieandrew
2025M04,monthly,2024.25,PETROL,683,data.gov.s / lta.gov.sg / robbieandrew
2025M04,monthly,2024.25,PHEV,25,data.gov.s / lta.gov.sg / robbieandrew
2025M04,monthly,2024.25,TOTAL,3949,data.gov.s / lta.gov.sg / robbieandrew
2025M05,monthly,2024.333333,BEV,1890,data.gov.s / lta.gov.sg / robbieandrew
2025M05,monthly,2024.333333,DIESEL,0,data.gov.s / lta.gov.sg / robbieandrew
2025M05,monthly,2024.333333,HEV,1896,data.gov.s / lta.gov.sg / robbieandrew
2025M05,monthly,2024.333333,OTHER,0,data.gov.s / lta.gov.sg / robbieandrew
2025M05,monthly,2024.333333,PETROL,640,data.gov.s / lta.gov.sg / robbieandrew
2025M05,monthly,2024.333333,PHEV,29,data.gov.s / lta.gov.sg / robbieandrew
2025M05,monthly,2024.333333,TOTAL,4455,data.gov.s / lta.gov.sg / robbieandrew
2025M06,monthly,2024.416667,BEV,1985,data.gov.s / lta.gov.sg / robbieandrew
2025M06,monthly,2024.416667,DIESEL,0,data.gov.s / lta.gov.sg / robbieandrew
2025M06,monthly,2024.416667,HEV,1920,data.gov.s / lta.gov.sg / robbieandrew
2025M06,monthly,2024.416667,OTHER,0,data.gov.s / lta.gov.sg / robbieandrew
2025M06,monthly,2024.416667,PETROL,678,data.gov.s / lta.gov.sg / robbieandrew
2025M06,monthly,2024.416667,PHEV,56,data.gov.s / lta.gov.sg / robbieandrew
2025M06,monthly,2024.416667,TOTAL,4639,data.gov.s / lta.gov.sg / robbieandrew
2025M07,monthly,2024.5,BEV,2065,data.gov.s / lta.gov.sg / robbieandrew
2025M07,monthly,2024.5,DIESEL,0,data.gov.s / lta.gov.sg / robbieandrew
2025M07,monthly,2024.5,HEV,1793,data.gov.s / lta.gov.sg / robbieandrew
2025M07,monthly,2024.5,OTHER,0,data.gov.s / lta.gov.sg / robbieandrew
2025M07,monthly,2024.5,PETROL,699,data.gov.s / lta.gov.sg / robbieandrew
2025M07,monthly,2024.5,PHEV,69,data.gov.s / lta.gov.sg / robbieandrew
2025M07,monthly,2024.5,TOTAL,4626,data.gov.s / lta.gov.sg / robbieandrew
2025M08,monthly,2024.583333,BEV,2055,data.gov.s / lta.gov.sg / robbieandrew
2025M08,monthly,2024.583333,DIESEL,1,data.gov.s / lta.gov.sg / robbieandrew
2025M08,monthly,2024.583333,HEV,1804,data.gov.s / lta.gov.sg / robbieandrew
2025M08,monthly,2024.583333,OTHER,0,data.gov.s / lta.gov.sg / robbieandrew
2025M08,monthly,2024.583333,PETROL,618,data.gov.s / lta.gov.sg / robbieandrew
2025M08,monthly,2024.583333,PHEV,172,data.gov.s / lta.gov.sg / robbieandrew
2025M08,monthly,2024.583333,TOTAL,4650,data.gov.s / lta.gov.sg / robbieandrew
2025M09,monthly,2024.666667,BEV,2336,data.gov.s / lta.gov.sg / robbieandrew
2025M09,monthly,2024.666667,DIESEL,0,data.gov.s / lta.gov.sg / robbieandrew
2025M09,monthly,2024.666667,HEV,1521,data.gov.s / lta.gov.sg / robbieandrew
2025M09,monthly,2024.666667,OTHER,0,data.gov.s / lta.gov.sg / robbieandrew
2025M09,monthly,2024.666667,PETROL,713,data.gov.s / lta.gov.sg / robbieandrew
2025M09,monthly,2024.666667,PHEV,134,data.gov.s / lta.gov.sg / robbieandrew
2025M09,monthly,2024.666667,TOTAL,4704,data.gov.s / lta.gov.sg / robbieandrew
2025M10,monthly,2024.75,BEV,2081,data.gov.s / lta.gov.sg / robbieandrew
2025M10,monthly,2024.75,DIESEL,0,data.gov.s / lta.gov.sg / robbieandrew
2025M10,monthly,2024.75,HEV,1351,data.gov.s / lta.gov.sg / robbieandrew
2025M10,monthly,2024.75,OTHER,0,data.gov.s / lta.gov.sg / robbieandrew
2025M10,monthly,2024.75,PETROL,432,data.gov.s / lta.gov.sg / robbieandrew
2025M10,monthly,2024.75,PHEV,92,data.gov.s / lta.gov.sg / robbieandrew
2025M10,monthly,2024.75,TOTAL,3956,data.gov.s / lta.gov.sg / robbieandrew
2025M11,monthly,2024.833333,BEV,2232,data.gov.s / lta.gov.sg / robbieandrew
2025M11,monthly,2024.833333,DIESEL,0,data.gov.s / lta.gov.sg / robbieandrew
2025M11,monthly,2024.833333,HEV,1601,data.gov.s / lta.gov.sg / robbieandrew
2025M11,monthly,2024.833333,OTHER,0,data.gov.s / lta.gov.sg / robbieandrew
2025M11,monthly,2024.833333,PETROL,469,data.gov.s / lta.gov.sg / robbieandrew
2025M11,monthly,2024.833333,PHEV,93,data.gov.s / lta.gov.sg / robbieandrew
2025M11,monthly,2024.833333,TOTAL,4395,data.gov.s / lta.gov.sg / robbieandrew
2025M12,monthly,2024.916667,BEV,3093,data.gov.s / lta.gov.sg / robbieandrew
2025M12,monthly,2024.916667,DIESEL,0,data.gov.s / lta.gov.sg / robbieandrew
2025M12,monthly,2024.916667,HEV,2320,data.gov.s / lta.gov.sg / robbieandrew
2025M12,monthly,2024.916667,OTHER,0,data.gov.s / lta.gov.sg / robbieandrew
2025M12,monthly,2024.916667,PETROL,834,data.gov.s / lta.gov.sg / robbieandrew
2025M12,monthly,2024.916667,PHEV,143,data.gov.s / lta.gov.sg / robbieandrew
2025M12,monthly,2024.916667,TOTAL,6390,data.gov.s / lta.gov.sg / robbieandrew
2026M01,monthly,2025,BEV,2355,data.gov.s / lta.gov.sg / robbieandrew
2026M01,monthly,2025,DIESEL,0,data.gov.s / lta.gov.sg / robbieandrew
2026M01,monthly,2025,HEV,1548,data.gov.s / lta.gov.sg / robbieandrew
2026M01,monthly,2025,OTHER,0,data.gov.s / lta.gov.sg / robbieandrew
2026M01,monthly,2025,PETROL,257,data.gov.s / lta.gov.sg / robbieandrew
2026M01,monthly,2025,PHEV,106,data.gov.s / lta.gov.sg / robbieandrew
2026M01,monthly,2025,TOTAL,4266,data.gov.s / lta.gov.sg / robbieandrew
2026M02,monthly,2025.083333,BEV,2237,data.gov.s / lta.gov.sg / robbieandrew
2026M02,monthly,2025.083333,DIESEL,0,data.gov.s / lta.gov.sg / robbieandrew
2026M02,monthly,2025.083333,HEV,1369,data.gov.s / lta.gov.sg / robbieandrew
2026M02,monthly,2025.083333,OTHER,0,data.gov.s / lta.gov.sg / robbieandrew
2026M02,monthly,2025.083333,PETROL,326,data.gov.s / lta.gov.sg / robbieandrew
2026M02,monthly,2025.083333,PHEV,75,data.gov.s / lta.gov.sg / robbieandrew
2026M02,monthly,2025.083333,TOTAL,4007,data.gov.s / lta.gov.sg / robbieandrew
2026M03,monthly,2025.166667,BEV,3087,data.gov.s / lta.gov.sg / robbieandrew
2026M03,monthly,2025.166667,DIESEL,0,data.gov.s / lta.gov.sg / robbieandrew
2026M03,monthly,2025.166667,HEV,1583,data.gov.s / lta.gov.sg / robbieandrew
2026M03,monthly,2025.166667,OTHER,0,data.gov.s / lta.gov.sg / robbieandrew
2026M03,monthly,2025.166667,PETROL,295,data.gov.s / lta.gov.sg / robbieandrew
2026M03,monthly,2025.166667,PHEV,84,data.gov.s / lta.gov.sg / robbieandrew
2026M03,monthly,2025.166667,TOTAL,5049,data.gov.s / lta.gov.sg / robbieandrew
